$ANSIBLE_VAULT;1.1;AES256
37376538393635323531376562646365653735356565333433343164353239363734333561663862
6334333139336238376539633736363066656633313562660a393062323933373236323439303265
63336630363238656435336461666265656235633563633535363936633536343839393833666438
3865333032346231360a613765373135643730303235303732616237313335303836303531373666
35373530303662636431373466386237636532663235643337313338663238623462636666303462
34613866356365613065303639646666373731383737393435313265373038313332346335353866
31653462616164613562396231396339383162333237366538353135346535616135376163336232
66653766366336386564353064343361393633613433313936613061653031343330326163633763
33613361303363616235376335353835313062333964366135646635313337303339653933383862
32303866383436316666643135633534383239313264613461383034326532366261643563323439
66636462646363303739653535353761383736633661376436323538303939353266656565666162
64316533616164643063306636343339373366306666386334396639343132353462386566643665
30303033333833313862336535313564373037643961393635306431356662333764653862656361
34633736653464346538343164333234323639383832353133366135653137303333333761626239
64363030396132303761626664336336663165316163646333373662323838613835646331613563
63663535626634343639333939336332616438643831376535653433646564373036656134656466
39346465336334343932356634623935393061373237666362643033663930613038353062336538
36336461353331353730383034343737393666363139333165343564643636396633376162373132
32393737356230323038383836366236363466366232313039653134373862643363643838333136
65313533313064613533323537363066383835393263663930653331353230656635383139343665
61326666666635333431303335656266333431313631316561646365373764633232653363323161
30613336353766623262653962623463366539333361613534653734393234663765626536636364
38356131616463363166623833656236343138323337656132653732346433323163346333636532
63333230386135303036633136666331633639363538386532336264643633356236363330626239
36376539666539626162643134343930633035313639646431366137316233613834346138656466
63663930636361613939633131653361343032663531353263373434376666356264383464613837
63313731633431313761626534373132373463373931386564343765663335316636666438326631
31373266616662616335396464326633346563666239326135356263303035386463326431393935
64376134343735383663313963386463373732333064653339363034373239323530316636623966
65666633323230653965643266323339396263356564633064396331396163656631326666623766
36643936323130633835616463393063666464303265376437653865653535633763636164646136
65656332643563393362333938373565323362626138343530353363663062623539623865386339
66323266616631383832303533353632643431386535303638366665366539643838343937396532
30363238373364386566633438336234633561646661353830396362393335383732383863336262
34306663383933346232326665623239313532353632396561363632363138363962303138356134
61353138613238323130353430376637653832356138343434313135336163656331613863663862
30333863376333383565383439643266303161326132356335303961323232363364656639396433
61653231346236383365636538346164616464383238656435333339646231643635303666666139
31646330303437326639316639353236323863643266616261346236616565363439613263346634
36386465623630653264313730393964643635636632623464376465356261646236326461613633
39646137396638336263646136393232346263643963386165333165613037386430333966333731
64346539613763353535326633343866623061623735626465353937356535643565383330383561
38383030353962626464363964336364633364323537373966653239336232373531366436663230
37653234343562613332396431366536636530333830373231386132393736623134633530643932
33346162626536633739383463353030343134316438346432633737393032376431656337333064
61326164336166333164353036666366376164633362353832363361646261663061346439383034
38623161323535316166306562643139653538386165366237393636316161326533346537346266
64643132616337656331653936623638316632643162383237626161343136626230386536333938
36666362643363313862623130633733633237353838633038663339663163666335346433623431
61626163616535613065613266333135623230346135356434396233626531646432336566396639
64636337356362313932383634656463643462373464313436623561643539626564643461303238
31666336303136643263313232643266303662616561326266626435643232303664613433663139
33363138636339343636663332663664363831653335626532333032646535363730366138626363
63383235356161636362613039383363643663366235376234613737373431353031326163373864
31666563393662663963366239366661646434353935656332653065393434373063336437393034
32616233336238626363376362356237666564363863373438303866633361353162373064353134
37323639666463366535623636333035613736613662336530376264396639636465353762376131
36346263333161373934653131333539353631363835306431333262366662363332316437666566
65656439303861323262653837623634663736373030623664386239366136333537383638303632
64366563636231643134313263383234656336346465653538336366333637633061666362326239
64386266303464643732313930636463306431376233383162666566383861303831386433663263
38313265383265333531366263323564613765626133663563326535376636353439356138623435
31353331363361313863353839396238343338393537323532353330623863323134613537383431
39346335643664313062383562616130326565633465323039313439366631326135386262623734
33376136343437323537333735336430313363663062393437386666306332396465373162366132
63396332383634643838616631653033383462353036336537326336653966636261306631386165
38376134336234653539326265653833306364613461343438303663333239306435356333613332
62326562346466633536383739613534306434313335363239653031643634373961313264303261
66646562666533343032353133313838363266336363306638626630613135393938393435623230
63326336326336393738613532663261376133626138623462623939376330643439613238316135
65643865623633373361653737393939363036633439316662643530363537313932323365626166
34313463303964353364373463353364393231616166343834316431396238333638343665396363
61313832363263353165653562666565393038386134313764366434373738613964353739626339
65323231636330333831383531623934346337316538626663303366653664393563643239613865
30386133616638633035663535656338376633333032323634353833373639356132633435396565
32306563653135323235363439613235353938613939643436633834343862363334613239313237
35393364346538626363346661653839646532333136366636613062353266613065306137633836
31373233623937306263383763393133643039623961316665356237646334363537663438366362
64306363613630383661303830616365613763363632393561643931663335346263333932656566
39386636306262396664633961366535623564353331353033313765656563353834623538303662
30633165343332326237313534646464373535333936653762623836623165343464633531643737
61656461353635313430626236333361653031376439623435643033373635666663373961393662
36653535303437656134646664616431323439386636343063616363323533663633303833356131
65663634656232643439656561623134613738363034633966626463373038393066633764663834
32666537616262313533663261323532343265303538336133653538393261613035363232613630
64353736656539323161643964333238393336323433623734643866666464326336303766373665
30616435393036313035363736333437373931623861316331343134303663326563303162393837
63393137646331306139
