$ANSIBLE_VAULT;1.1;AES256
66313464313466373862663039383366613039373462666338316238383566623761366265343763
3733663237626161323165303162343634343238636131620a353063633238613136386363393534
36343238396233323539643135326264303161313862663532613638323465346631636565626564
3736626236306664330a336261626633366631323831363535613961313965356133376538343436
66653331653163386661356632376565346635383438363332333765633339653665336163373033
31633836653638663764376230663334643834383562633535386162666564373338363166643037
65363131643261633565653737306266643232666363343033323033643134636263363232396131
37356437336236346630336430326363393335623135383464386530643365663836313536363434
30356462323733383534316333383162303336363639363835313035366236336239646132643639
33313264356261666263336238303638333035653635646239626565663666306637663338373739
36656564313939306266326438323962383131353634613061653561356461346439383136333636
34643439653837373431633163353863626665323036626365363338616363613264656166336263
66393936623932633461643932623239643861363866393763373334613033656632623661356162
35653533653531383162653631303736336361313335646365393664656436653932366632386264
63316163313636396535323630396335633637353538613637636138336164643238643837313930
33353264383166643632373962656537306366333337663561346432613861663131663131633462
35313637643866393163636534316363393035663730616162363262323137613865333161313261
66623534653131376264333833366133636230643461346436616630646538376361646661346435
38626139643733653334343233313563356435366339353331303764623630386231313036646135
62313936323138316439646464313839663532623564373762393330306633383135653634316636
62336165366538326437346364333032616665653461323930366365356437633561353935626134
63373133663937626236643164386565356335393532376336303931323432653332303438666363
62373961353561306335616333383336636662653431653935323566393632313766326461653266
32623035303436313839316334373934333066333530353732653435333462363536653436613933
35626532633737353739663939386239633263663561306364326336653066343339376465613837
62373563366664653735616236663834653233396561653833333138386566333132336630636665
32383265636434373835366335306534353138383465303537616231356165363035666532666361
33373834393131386530326464303930353664653630646337393963613332346663386161636232
39636535353733636330643630336265666661333438363731306430373063373834346535383462
32363661633738333663313035396163633666643934333234366263643539393933333165643433
30306161326134613161386538643833306636303866633163633066326434356234646163393862
32303930616336636331356231643334363162623036323463323739636433636331373637363261
63666565323562353333653038613265663636326463616365346365363939656438333234343133
32653530383039343565623135383339666134353761316633646265306361363635353962353139
30306534306661323839613161313764396234656364666264303731356563623962306236633939
39646362646532373638383432376466303837323735653461336139616638646637383863386534
37636532656636333464333131663266303330643662666664333833383935623564373265636136
62303762663566653563383863653633643663383264323766643935343331323435393262343361
31306636306163663536643365653066626634663338663438336134386661636534346366346230
65336564356262626663373037376166396435663063613838373535303532373665656433663834
39373436633466663965333963386435333933633534313466653365336439623439353530616230
31343034633235636266343164353864636436343563616561323431386366306135323734346563
66373830323965613537646665396361333937373530303036323536316162663136626437306530
39306231393330383736653436313534623562633364666466303637316465336330326233656639
35613430643838313364366339383237306238356331343565666233636232656464616537333439
39303134386538326566353263393139633636656431313436363230616436353237396530633538
37646532643534306336666461663965366365383235663035313132326330303233396361326261
61623864373663663362623464333930643165396538376239666233373265353265303562343665
31313536306638333331326631613562363834303735663039643833376336323734363136353432
34366435373639303166343463376438663164623937633330656536313139343263383937323232
38666539613761646630326130393164663738313035386636336665616238316465386537316237
33336232666134313933353561613934313562353931343530306435316630323931336666626562
36626466346133326463613931376331653039623830333036363332626566386266613536343532
63353739646330626235326133633638316364323531393364396631656665616431663830373965
64333633306163306130633163396437316466653833393966386137366164656637373332343465
32373665373233643830373566653232656161326134323635336532386662656130656136396432
65386431306432336435623464646234386265333830623433653430303135343739343730333835
61653764646665333330663061313161386531656233623933376133303361383332626366626638
66316338353036383631356637643032386166303534333838656434386161313034623435623437
32353565623964353631323863383831623531343665316337396139343365323165623137353838
39336664376134343265666665393537616334346537366238363735373263333939613637653661
35333633383064643562333732623230643134623236313966336335343363653131303762323763
34336662623932383838326166313063323332343332613137313764363836653639303630353135
33633434656465636638626430383333613836313334373532306630623966376635623136333232
64373635396164386539626361626266316132373631316661623862313334633734373836306562
31653535356436373238653866646363323733343464666132363633626532346439633739323163
36313335643937623330393737346263623363646137316161396365343839356539623362316365
38303331383230376233633337326663643061353363316561336133663139386631353937623862
63646137313566393831656334663139643831636233376662306263383930383739663962653164
64303537623239633363316332643863323664663037343965643931396237353962623365356238
61313632616461306265336536316235626231613930343239653236633539313532316330643731
38623266623362306539393638336438643230363338343132343335613861666561356237663934
31396339316265623864663831633161663138383939303932333961363134383866653263323664
33396164376337653335366465666537306331376238366135643139353338613032363164316432
35656364373334316163663137363166316139383135326236373939393262376335323337643038
62336437396130323764643430623632313634653163656234353061363265636464323437663930
37306432313337346636346232356633313330376631356330303765353734373832646430633531
32656239303564633861393963383434623864343434613335323837666564663837313837353762
66303631633431366334663166643964393938626535616432636539353930333166366331373766
31363239373439643565346262356561303765376661383336373036313164333761346133636564
61323032656237653136373061383763396262663362376534396234663738303735343631383635
33363364336233616138663837316239383234646335313534313335373738666338623839353338
33386538366532386238336265383739666236346636363734373261396137643339383463623764
61633335303663323731653563303031393639646330333037303265636239356339613536633835
30323632636635643430303238656335636331623138376164353561666132316436353365386666
62643639316165613866336565316537393634383064303330313633353462666334613631313031
61623937373265333262363736353333643564626362646565396134323638636334613930353564
66353939353832626533313365343437626235353835396161333836383066393833336163626230
34353437356366623362383363373331393763343262306338313337643664663366353535376164
64613565343438303735376665383833333431653138393538313963653264363339366638653033
39346662386235636534643863623466306433393839333136306365383863616164663930663634
35623730343565306138333534366663363635333430643737646364643864623733373961376261
36326339343330656536356132666634643834396639623030366438613430393130333937333437
38616239346565383439386166626462333739636633303366393562656531336331623530306265
62626632653530313763306466316532666336616130613530643434373237643834373332616531
33326561346432323462643536366337343733313933336435653663306437666161303735356636
37343730336661323237373033663866383938323439633133663066343038393031646561386666
30316535396432393362623039353266613533356435666536623935326562623061353961626235
30653761383437636566373839326233396130653561383266313736663135383439326664303031
66363136343336363932643539643962336136393336303663306633336536326235643365663161
63626638326439303461386637636139636133623333336135366433626230313238376430333561
34353339366434303731663966656531383066356166386436366635326465613262653863656336
38356132643737656239346630613866303262623633396436303235656632633734363437633962
36663562396464383066643333653064616233386534646331303765663834643432643036646437
31646665383637666566363935393461343831653931383935373534626161333332366234636235
31333730633661313739373037343962346636346134356137633937336434633133396562653433
33316336363737393835623064623266353139613932323237396162653132366563383762373933
33653634336661616530353139613436663235623331393436623535323963656539636338633661
32383437343134373531626362616662626637633265343164343335353961373861316237313233
63393130336462646630663939666139376361376462653933323233313332666630313066353664
37623035303634316234333439353130356531333338646536653631313230393231666331323664
35656530663736626462653166636437396533663965633364333835613134343938323335613063
39336536333132653463646433393438326561623432666536313935656239653036313731353665
38306365353833313666313336343561393630636563656466323438313037303337356162353366
39613037626233323063633966383437363966346161616637643339343963393164303830633432
66663166663439643661616234323335353934333633386630633862363361663937303864613130
36646239643661643935393030346334663162313533356432353632623332666538653762616166
61343061626365366337373738356235633963336139626131306635333465303735366633646164
66316434303434656233353936643239623862626336643162616133663730666661356231653961
65666362623862633834333935666162636262646336616531323762663462653966386466623862
65666339396464636436623135363339303435396662303434653830633162373136623666363137
65663264366662386262333630623038663465616531646236393339383739636633306131306138
34353230326265333862303131366230373535343130613763663363316138663066663532306462
63366662363730666236366363383531353837353131363739326661393639626532373932376237
35613132353662306336643564366432386233313935306261663333663839343835313863613837
62656636376330376132306430343161336266356663373265346266343337353062623661623332
33373762366236393262626137393866336138396261336433663134383430376134373737386334
63636566383633313033646266346237313963363932623830313033663661623361666633323961
66323266663436633732616431363832303665343136383461393764393563366632663934336632
66646137396238626134653535633030353335336564393466613830623338383063386133303632
63633431386563623763326261343235313761306662313233613066656535393163316562643630
66623466323461316538643137663666313133383964633731336430323663323433636463373865
66663465393634383765333334336264363161353238323364336538376133643065373036386638
30313231616536626362303736313239303139333530393864373538626538346132643039653833
34396665316233316332363665663834616538373365333636643861643135333364646666373537
36313235376663373130366432396462636362623666663735623333343065343765656563396365
3339
